v -0.319555 0 -0.0783087
v -0.317422 0 -0.0842125
v -0.315154 0 -0.0901139
v -0.312755 0 -0.0960118
v -0.310226 0 -0.101905
v -0.30757 0 -0.107792
v -0.304788 0 -0.113672
v -0.301882 0 -0.119544
v -0.298855 0 -0.125406
v -0.295708 0 -0.131257
v -0.292444 0 -0.137096
v -0.289064 0 -0.142922
v -0.28557 0 -0.148734
v -0.281966 0 -0.154529
v -0.278251 0 -0.160308
v -0.27443 0 -0.166069
v -0.270503 0 -0.171811
v -0.266472 0 -0.177532
v -0.262341 0 -0.183231
v -0.25811 0 -0.188908
v -0.253782 0 -0.19456
v -0.249359 0 -0.200187
v -0.244842 0 -0.205787
v -0.240234 0 -0.21136
v -0.235538 0 -0.216903
v -0.230754 0 -0.222417
v -0.225885 0 -0.227899
v -0.220933 0 -0.233348
v -0.2159 0 -0.238763
v -0.210788 0 -0.244144
v -0.205599 0 -0.249488
v -0.200335 0 -0.254795
v -0.194998 0 -0.260063
v -0.18959 0 -0.265291
v -0.184114 0 -0.270478
v -0.17857 0 -0.275622
v -0.172962 0 -0.280723
v -0.167291 0 -0.28578
v -0.16156 0 -0.29079
v -0.15577 0 -0.295753
v -0.149923 0 -0.300668
v -0.144021 0 -0.305533
v -0.138067 0 -0.310347
v -0.132062 0 -0.31511
v -0.126008 0 -0.319819
v -0.119908 0 -0.324473
v -0.113764 0 -0.329072
v -0.107577 0 -0.333614
v -0.10135 0 -0.338098
v -0.0950839 0 -0.342523
v -0.0887818 0 -0.346887
v -0.0824452 0 -0.351189
v -0.0760764 0 -0.355429
v -0.0696772 0 -0.359604
v -0.0632497 0 -0.363714
v -0.056796 0 -0.367758
v -0.0503182 0 -0.371733
v -0.043818 0 -0.37564
v -0.0372978 0 -0.379476
v -0.0307594 0 -0.383241
v -0.0242049 0 -0.386933
v -0.0176363 0 -0.390552
v -0.0110557 0 -0.394095
v -0.00446508 0 -0.397562
v 0.00213356 0 -0.400952
v 0.00873815 0 -0.404262
v 0.0153467 0 -0.407493
v 0.0219571 0 -0.410643
v 0.0285674 0 -0.413711
v 0.0351755 0 -0.416694
v 0.0417795 0 -0.419594
v 0.0483773 0 -0.422407
v 0.0549668 0 -0.425133
v 0.061546 0 -0.42777
v 0.068113 0 -0.430318
v 0.0746656 0 -0.432775
v 0.0812019 0 -0.435141
v 0.0877199 0 -0.437412
v 0.0942174 0 -0.43959
v 0.100692 0 -0.441671
v 0.107143 0 -0.443656
v 0.113567 0 -0.445543
v 0.119963 0 -0.44733
v 0.126328 0 -0.449017
v 0.13266 0 -0.450602
v 0.138958 0 -0.452084
v 0.145219 0 -0.453462
v 0.151442 0 -0.454735
v 0.157624 0 -0.455901
v 0.163763 0 -0.456959
v 0.169857 0 -0.457908
v 0.175905 0 -0.458747
v 0.181903 0 -0.459475
v 0.187851 0 -0.46009
v 0.193746 0 -0.460591
v 0.199587 0 -0.460977
v 0.20537 0 -0.461246
v 0.211094 0 -0.461399
v 0.216758 0 -0.461432
v 0.222358 0 -0.461345
v 0.222358 0 -0.461345
v 0.227893 0 -0.461138
v 0.233364 0 -0.460811
v 0.238769 0 -0.460365
v 0.244108 0 -0.459802
v 0.249381 0 -0.459123
v 0.254587 0 -0.45833
v 0.259728 0 -0.457422
v 0.264801 0 -0.456403
v 0.269808 0 -0.455272
v 0.274747 0 -0.454032
v 0.279619 0 -0.452683
v 0.284423 0 -0.451227
v 0.289159 0 -0.449666
v 0.293827 0 -0.448
v 0.298426 0 -0.44623
v 0.302957 0 -0.444358
v 0.307419 0 -0.442386
v 0.311812 0 -0.440314
v 0.316135 0 -0.438144
v 0.320388 0 -0.435877
v 0.324572 0 -0.433514
v 0.328685 0 -0.431057
v 0.332729 0 -0.428506
v 0.336701 0 -0.425864
v 0.340603 0 -0.423131
v 0.344433 0 -0.420309
v 0.348192 0 -0.417399
v 0.351879 0 -0.414402
v 0.355495 0 -0.411319
v 0.359038 0 -0.408152
v 0.362509 0 -0.404902
v 0.365908 0 -0.401571
v 0.369233 0 -0.398159
v 0.372486 0 -0.394668
v 0.375665 0 -0.391099
v 0.378771 0 -0.387454
v 0.381803 0 -0.383733
v 0.38476 0 -0.379938
v 0.387644 0 -0.37607
v 0.390453 0 -0.372131
v 0.393187 0 -0.368121
v 0.395846 0 -0.364043
v 0.39843 0 -0.359897
v 0.400938 0 -0.355684
v 0.40337 0 -0.351406
v 0.405727 0 -0.347065
v 0.408007 0 -0.342661
v 0.410211 0 -0.338195
v 0.412338 0 -0.333669
v 0.414388 0 -0.329085
v 0.41636 0 -0.324443
v 0.418256 0 -0.319745
v 0.420073 0 -0.314992
v 0.421813 0 -0.310185
v 0.423474 0 -0.305325
v 0.425057 0 -0.300415
v 0.426561 0 -0.295455
v 0.427986 0 -0.290446
v 0.429332 0 -0.285389
v 0.430599 0 -0.280287
v 0.431786 0 -0.27514
v 0.432893 0 -0.269949
v 0.43392 0 -0.264716
v 0.434866 0 -0.259442
v 0.435732 0 -0.254128
v 0.436517 0 -0.248776
v 0.437221 0 -0.243387
v 0.437843 0 -0.237962
v 0.438384 0 -0.232502
v 0.438843 0 -0.227009
v 0.43922 0 -0.221484
v 0.439514 0 -0.215928
v 0.439726 0 -0.210342
v 0.439855 0 -0.204729
v 0.439901 0 -0.199088
v 0.439863 0 -0.193421
v 0.439742 0 -0.18773
v 0.439537 0 -0.182016
v 0.439249 0 -0.17628
v 0.438875 0 -0.170524
v 0.438418 0 -0.164748
v 0.437875 0 -0.158954
v 0.437247 0 -0.153143
v 0.436534 0 -0.147316
v 0.435736 0 -0.141476
v 0.434852 0 -0.135622
v 0.433882 0 -0.129757
v 0.432825 0 -0.123881
v 0.431682 0 -0.117996
v 0.430452 0 -0.112103
v 0.429136 0 -0.106204
v 0.427732 0 -0.100299
v 0.42624 0 -0.0943901
v 0.424661 0 -0.0884784
v 0.422994 0 -0.0825651
v 0.421238 0 -0.0766516
v 0.419395 0 -0.0707391
v 0.417462 0 -0.0648289
v 0.415441 0 -0.0589222
v 0.415441 0 -0.0589222
v 0.41333 0 -0.0530203
v 0.411132 0 -0.0471244
v 0.408846 0 -0.0412355
v 0.406474 0 -0.0353549
v 0.404018 0 -0.0294837
v 0.401478 0 -0.023623
v 0.398855 0 -0.017774
v 0.396151 0 -0.0119377
v 0.393366 0 -0.00611535
v 0.390502 0 -0.000308066
v 0.387559 0 0.00548302
v 0.384539 0 0.0112568
v 0.381444 0 0.017012
v 0.378273 0 0.0227477
v 0.375028 0 0.0284626
v 0.37171 0 0.0341557
v 0.36832 0 0.0398257
v 0.36486 0 0.0454715
v 0.36133 0 0.0510921
v 0.357731 0 0.0566862
v 0.354065 0 0.0622528
v 0.350333 0 0.0677906
v 0.346535 0 0.0732986
v 0.342674 0 0.0787756
v 0.338749 0 0.0842205
v 0.334762 0 0.0896321
v 0.330714 0 0.0950094
v 0.326607 0 0.100351
v 0.32244 0 0.105656
v 0.318216 0 0.110923
v 0.313935 0 0.116152
v 0.309599 0 0.12134
v 0.305209 0 0.126487
v 0.300765 0 0.131591
v 0.296269 0 0.136652
v 0.291722 0 0.141669
v 0.287125 0 0.14664
v 0.282478 0 0.151563
v 0.277784 0 0.156439
v 0.273043 0 0.161266
v 0.268257 0 0.166042
v 0.263426 0 0.170767
v 0.258551 0 0.175439
v 0.253634 0 0.180058
v 0.248675 0 0.184621
v 0.243676 0 0.189129
v 0.238638 0 0.193579
v 0.233562 0 0.197971
v 0.228449 0 0.202304
v 0.2233 0 0.206576
v 0.218117 0 0.210787
v 0.212899 0 0.214935
v 0.207649 0 0.219018
v 0.202367 0 0.223037
v 0.197055 0 0.226989
v 0.191713 0 0.230874
v 0.186343 0 0.234691
v 0.180946 0 0.238437
v 0.175523 0 0.242113
v 0.170074 0 0.245718
v 0.164602 0 0.249249
v 0.159107 0 0.252705
v 0.15359 0 0.256087
v 0.148052 0 0.259392
v 0.142495 0 0.262619
v 0.136919 0 0.265768
v 0.131326 0 0.268837
v 0.125716 0 0.271824
v 0.120091 0 0.27473
v 0.114452 0 0.277552
v 0.1088 0 0.28029
v 0.103136 0 0.282942
v 0.0974609 0 0.285507
v 0.091776 0 0.287985
v 0.0860824 0 0.290374
v 0.0803812 0 0.292672
v 0.0746733 0 0.29488
v 0.06896 0 0.296994
v 0.0632424 0 0.299016
v 0.0575214 0 0.300942
v 0.0517981 0 0.302773
v 0.0460738 0 0.304507
v 0.0403494 0 0.306143
v 0.0346261 0 0.307679
v 0.0289049 0 0.309115
v 0.0231869 0 0.31045
v 0.0174732 0 0.311682
v 0.0117649 0 0.312811
v 0.00606315 0 0.313834
v 0.000368918 0 0.314751
v -0.00531664 0 0.315561
v -0.0109925 0 0.316263
v -0.0166575 0 0.316855
v -0.0223106 0 0.317337
v -0.0279507 0 0.317707
v -0.0335766 0 0.317964
v -0.0391874 0 0.318107
v -0.044782 0 0.318135
v -0.0503592 0 0.318047
v -0.0503592 0 0.318047
v -0.0559179 0 0.317842
v -0.061457 0 0.31752
v -0.0669753 0 0.317083
v -0.0724716 0 0.316533
v -0.0779447 0 0.31587
v -0.0833935 0 0.315095
v -0.0888167 0 0.31421
v -0.0942131 0 0.313217
v -0.0995816 0 0.312115
v -0.104921 0 0.310906
v -0.11023 0 0.309593
v -0.115508 0 0.308175
v -0.120753 0 0.306654
v -0.125964 0 0.305031
v -0.13114 0 0.303307
v -0.13628 0 0.301484
v -0.141382 0 0.299563
v -0.146446 0 0.297544
v -0.15147 0 0.29543
v -0.156454 0 0.293221
v -0.161395 0 0.290918
v -0.166292 0 0.288524
v -0.171145 0 0.286038
v -0.175953 0 0.283462
v -0.180713 0 0.280798
v -0.185426 0 0.278046
v -0.190089 0 0.275208
v -0.194702 0 0.272284
v -0.199263 0 0.269277
v -0.203772 0 0.266187
v -0.208226 0 0.263016
v -0.212625 0 0.259764
v -0.216968 0 0.256434
v -0.221253 0 0.253025
v -0.22548 0 0.249539
v -0.229646 0 0.245978
v -0.233752 0 0.242343
v -0.237795 0 0.238635
v -0.241774 0 0.234854
v -0.245689 0 0.231003
v -0.249539 0 0.227083
v -0.253321 0 0.223094
v -0.257035 0 0.219038
v -0.260679 0 0.214916
v -0.264253 0 0.210729
v -0.267755 0 0.206479
v -0.271184 0 0.202166
v -0.274539 0 0.197792
v -0.277819 0 0.193359
v -0.281022 0 0.188866
v -0.284148 0 0.184316
v -0.287194 0 0.17971
v -0.290161 0 0.175048
v -0.293046 0 0.170332
v -0.295849 0 0.165564
v -0.298568 0 0.160744
v -0.301202 0 0.155874
v -0.30375 0 0.150955
v -0.306211 0 0.145987
v -0.308584 0 0.140973
v -0.310867 0 0.135913
v -0.31306 0 0.130809
v -0.31516 0 0.125662
v -0.317168 0 0.120472
v -0.319081 0 0.115242
v -0.320899 0 0.109972
v -0.32262 0 0.104664
v -0.324243 0 0.0993187
v -0.325767 0 0.0939373
v -0.32719 0 0.0885211
v -0.328513 0 0.0830713
v -0.329733 0 0.0775891
v -0.330849 0 0.0720757
v -0.33186 0 0.0665322
v -0.332765 0 0.0609599
v -0.333562 0 0.05536
v -0.334251 0 0.0497337
v -0.334831 0 0.0440821
v -0.335299 0 0.0384066
v -0.335656 0 0.0327081
v -0.335899 0 0.026988
v -0.336027 0 0.0212475
v -0.33604 0 0.0154877
v -0.335937 0 0.00970992
v -0.335715 0 0.00391528
v -0.335374 0 -0.00189504
v -0.334912 0 -0.00771981
v -0.334329 0 -0.0135578
v -0.333624 0 -0.0194079
v -0.332794 0 -0.0252689
v -0.331839 0 -0.0311395
v -0.330758 0 -0.0370186
v -0.32955 0 -0.0429049
v -0.328213 0 -0.0487974
v -0.326746 0 -0.0546947
v -0.325148 0 -0.0605957
v -0.323417 0 -0.0664991
v -0.321553 0 -0.0724039
v -0.319555 0 -0.0783087
